x1,x2
468.8519803917111,179.93559188414997
-482.2316109100616,570.5275878055504
249.67074743881642,-16.26193225901352
